--- outfile2.txt	2019-10-30 10:41:30.000000001 -0700
+++ model-outfile2.txt	2019-10-30 10:41:26.000000001 -0700
@@ -31,7 +31,16 @@
 8:(7, 2730.8) (8, -7442.0) (9, 13594.8) 
 
 A+B =
+1: (1, 8596.3) (2, 835.0) (4, 5830.3)
+2: (4, -6315.9) (10, -872.5)
+3: (1, -3013.9) (5, -5437.9) (8, 9269.1)
+4: (5, -9229.6) (7, -2402.8) (8, 6786.0)
+5: (1, -1114.8) (2, 816.8) (7, -9982.4)
+6: (3, 848.7) (4, 5568.6) (5, -3604.1) (7, 8095.4)
+7: (1, -8517.1) (3, 2903.1) (9, -644.5)
+8: (7, 1820.5) (8, -4961.3) (9, 12727.9)
 9:(10, -2108.5) 
+10: (4, 9159.8)
 
 A+A =
 1:(1, 17192.6) (4, 11660.6) 
@@ -44,7 +53,16 @@
 8:(7, 3641.0) (8, -9922.6) (9, 18126.4) 
 
 B-A =
+1: (1, -8596.3) (2, 835.0) (4, -5830.3)
+2: (4, 6315.9) (10, -872.5)
+3: (1, 3013.9) (5, -5437.9) (8, 9269.1)
+4: (5, 9229.6) (7, 2402.8) (8, 6786.0)
+5: (1, 1114.8) (2, 816.8) (7, 9982.4)
+6: (3, 848.7) (4, -5568.6) (5, 3604.1) (7, -8095.4)
+7: (1, -8517.1) (3, 2903.1) (9, 644.5)
+8: (7, -1820.5) (8, 4961.3) (9, -5398.5)
 9:(10, -2108.5) 
+10: (4, 9159.8)
 
 A-A =
 
